PG_data=[0.004,5.3,500,200,450,0,0.00003;0.006,5.5,400,150,350,0,0.00009; 0.009,5.8,200,100,2250,0,0.00012]; %col-1,2,3 = a,b,c
pd=975;
error_tolerance_lambda_iteration=0.000001;
error_tolerance_ploss_diff=0.000001;
% for pgdata a,b,c,low_limit,high_limit,pgi_guess,plosscoeff